MAE: 970043.4039201637
MSE: 1754318687330.6643
R2 Score: 0.6529242642153184